$ANSIBLE_VAULT;1.1;AES256
36616261323731326665366434303638386164623964656263643361623630353663323634303232
6162633230636430666234633531313637356336353838610a643033363438333735393935313166
32393565356463623362313631353333353764613433643931366130663164356532623765363634
6137323766316634330a343834643262313834363430623133666637643163336138643264363733
38376537323861393532626166663038393065613332316434633361663266653538373466303132
36353037346230323932393133613264613231363063336637653134663931623763376533323833
33373339353063383262333363306464366164363363326135613061326234303636636661366635
30393938373639656563663463663937343062313633356335306366303563386632306165356161
62356337353138396232373031653762333962383536303436326261313761373032346166653764
36336461616434336265616232613039333162333063303131376563643162303432626133643262
38306634396534616432386263316161343264383736333365353164343337333865396135346265
32336262643162393664366638633830323461626538336536613730376562633061616361376232
63396162356364343061316538313936383338383338643638336363626461623637616562643036
61306565373832656361366533313830363661373931333139343539383539643633373730313564
61623131343865646432623265656166323031633131646462363936616564653163346135613066
37356261386234373664653233623039396566646561383834353165383031386235616233643165
62373163333636336461353332326632633439656630336532343539333230396339363238376162
65343932316535616535643238393930653633343764656235303033363437613431623233346139
33373139313436383463343961666264633561633330633134653039396634616131616637303839
66633133626234643361393566636637306432373465633135663939393036623164646665613963
66326239636135666334653263323838626366623766363765656133353033613738343661656362
32636662653737646133633137356436666339643835386534353065313733396263336233633862
32636561353030623239313034316130633039333366326534333433656432333863396666356564
38656461633537363762626232336664376132666665343666613539326136346237386263376334
66373635656136316531303233636139366233373163643638393363643430323065643638363830
33636236343538356130373934613733376563643031373833613239313736626133343434383531
62653035613834333031356238383261303439626332333139333138626238636135386636393561
37633232306233643734666361386239363134666334393961326334646661623663643138343630
63656463303339313438323034323339343738356162376534373031363432643964623337313033
33623135646138363064393663643366666263623630636132626533366639386463656365343131
35633934383265636463313965636336623138633762386165343261616232656665333263353363
37303666393632336236623938306335393462326262333330306330346237666166623831306531
31333339313531663961313235346465386262313561386563393736626434366134383961633831
33353765393637653336306534396239643861643237353362356363386663323835303838303838
61343132623935656464613836363733346433666235366266383633343161646461636166393638
66636465366264313737616631356430623166363464313435656535363230623763373932366465
61376634346332353165643933303864303861393765346133336233346561366338333431623332
62623038663736303662316637396330383232663136396339653731393863343864663531373931
38336162636139626231663866653831363361393863353433653830376439383961356139633038
64356366363061393139646531646139323730316230623838663130373334366262643962366464
33366239393634633965343736646661363531643139316565326261653438613934343539663132
31346537303330333633633065636234356537383734373964656162333863313531376263363930
34323738376439373964373139323734356661663162643033333666346231613938356434633239
31376331343538623737333663636539633664373535656361383736616435393130386434393834
35376432346232373135363762363737366135653639316561333964623636313562356432316634
66623635393732363439666262306162353766656632636431653533626462383438373135386566
64363836373739653630346264333265636438386533353933656433663434626163343736396363
35373133333937643930613966313734313062633033663432376633303464343161343138393264
64396164613762623735663061383133646433316663393838366437656664323564666662303064
65383938656564396664383265373431316439616334613866313236373831643637643631353638
63633434333439343564393362333035633762313566303337636666653639346535343532323932
37396663396463333339323063336332643065323738666162386362663532616464353838633862
63656464396430313438303161663463316463643762336539633461353661343631333135356263
61396337623061366135646338666162363965376561323736306231306234306133616138306239
39643663333537343833653135393439383335643137313034396335633633323530313466613966
62653064393539623139393836666533313636626663626263643930636332636430333436666566
30653637393734383633623032306539353136326163316338623961643063663536396262333337
64393364303861373265613665663762636138663334396134663032366333343562316565373261
63343636636135663131313333656233313932626462393566396465646230643633336430396334
63613835303961663566343034646464336136633632663362656436373064393361643738303232
31633437363837663330336364356536386637393862653664386639613431643365393430326663
62316665316433613061626163653263613264303538383466303238626263656132313139653030
64363531313034623533333865346538313037373161656530326439626461343335346463363135
36623766303364633162383034626139643831336237633664313363616434393131343936643639
38333534303666653334636332336461333838343535656330303034356437653663626366643333
39636130383535313035656133646238313565343833616531663337313636656237393561333064
61376534336638663162613731666463313230646363636432306439643830343735386439613366
30333566613763646133656366653964666137643437633566323439346239393731306637393831
39653432343232356138303136343635633065633231396630356166346461326131373961356638
38303031376533306132656663656232383664346361333535653536653662313130353437373536
31643937326335653233376265353333373136613061343762633939653764393631346362616630
39343964363832663663643766323163646363653063666362366465303465643636303934333462
30313236313661363062353833666633333731373462343939396535653938656539336639323263
37336436383239623433356164656332376365646666333237326661633237343532623430383365
38626239366665656239613731323137373739666162626134353862623034356165323330396635
35306335303963306138353662633764363366323033373064633063623835633738323930653065
39303131643861386638313538343435643539663765363238373563333137366533323366313432
66336431326636646666366639323537333237393737313030316361366136396531316561336466
64633862313065613632356561326365386436626334326137633764363861623633663938313935
38353639636163643164643139343533626638333131363231343633306261663163343430666436
34366237643339623932396139316330356230633462333139626564313637636335616264346339
38366361346131353431613337373232653332393431613334373132643963636164373832393262
65383963303161303835343839366461623532616365316336643538346436363163396365363534
30616435366237616431316530383139386434366261373539396461623133353662363131326631
31613139623435363164366461613033363834313164626634393234666237393233353663633863
62613466333463653963396562353339363164383162666337393730633764643339343164646636
66643538333866643532663138346531613934613631306230663232633337623966633465313134
38386435306561636132613437633937353630333033356639656239383335616436353730326137
39353537303930326134663433613861663438633830333038373332633832653066636133323737
63616266303462633238643161616430613136366162653764643833366438666661663033616631
35333638393863616330623933623165366633303866363631633439656439323464316565653666
34306633333331343162323035613466653036386161626530666566623437323831393134306262
38353531636432323561373762356239626533633435346533343139366235306433663962366330
65313337316334323636363161663361386262363764333639666464303039313265366137356463
62633335663032323065623930366363373039306565636134633239643065633334653833396131
31363162346536333433363565326661336466323864343963323363303834313437656164663562
39383133383761316535303438653862376539643461653637316533316430333266316633343031
38646330316366356564666639376166313033353232666562323465346131666561373933633735
61326337323832376537396230616465363735663538393461356431396261376139633230323961
38336434636632346335313433343630323230363139313336663237346531316631383532636137
62616435366264363934643239666662346233623931356431643935626336646332393733373137
36373334353731323432303039636639663931313239666438386530613337386463623539626630
30343562303132636231353732333562306661313566663762306566366164383635383661666665
66393235656135333664393065373362323064366135613536396232343433363137666538363431
33373436646633373337306635663036646630636637393839383763633735653832386663353732
32316339373237396466376234303137306330383866313338336137623861653466316365626633
66363433623866636164663138376338303836323036653736633262396339343562303331313065
30366434626463353763343165346638366630313962616564393764653532303838363161313430
62393562383966303931643532623137356130356233396435313734343033343261353563656532
34346666353138386661376536383532353930643630623564373063326362383437393839643835
32656365363761643634653665393361303335383336356663393339363535323136613661616235
65656637326138663333656337666232643535306232346530353162396535373137626339346131
39313530393566323539376335346265623732323833306430326136323564303037646337623563
62363364373332346264333436623633666334343734613264313361643630656432646364336536
39346465346236333932316139323136316337613764653764623534393234326631383535393862
31613363346239323266323863333663366334326366666334333131623034383230373865616533
63343132623636326263343166323634613434396636316438383033633431343065323962623538
63663135616632383234373666393733386666393130336633356531616537663066333961353531
31616332626262653861643562353361633939386638613135633332393365386439326331343436
34613334303463313765633861386361376162633534613163613137383565343064343261323932
37663436313362653934616235613138623365663533353365356631653262323130393432363834
33393961303664346466633364323162353836303336366238653937336463323436336634363631
66616266646237613939623566383163373331666661616339376639653338353965616439623662
62623739643962303433383631616637623235343234396663316433363434303263343238323262
64626431376631336465646164633033393534663864646238636330376361303166373465303761
64393466636632633833623139343234653031383230373639363536623661346263656533353431
36656161383134333236666561653136623935636666333835616263653937343537346637663865
33336261313762323637313536353838626630383037326665333936643162313164393262316639
30326334373463366335396439393063373732636361363636646265656339646136333063613737
37653534306435373033643631653238366362623864303331363331316630636534396366616630
38663330393436373764323366383336313264343934383337313066666636333063663763353264
61363534653637313038373732336434393362333437373563303132343962616233366431323066
35316536306239363939643438376461333536636332386634393536646631336162386563373966
31313861643930366266363562653863313638373765666666323463653363626534373633636335
30653735633032386335316465666463346639346564316663356238646365346237643330323835
63653439396431323761623363636665346336386330343661313836363165383535646331326437
65613164616236303238633830643638323865373231613031636565613232336132663935316631
64656461333038636265626230333534633933376633313031303037306439663232376236663632
31373366303661353535653162643238303335396634666264383739663932306131336462333033
31333839303063653663313066383261313734326566356230396632356533616235656336303439
30393133663238626465396137613037326461306233366464633466393761616231323730326135
34376163363239643461316533626464663735313035383038396163316137346339373837376466
37323039323061356430623034376262333134336539333837663262363732303465366335653931
66393632366233306638323337346630333831323536353331613663383565303235663061363530
62393132343065363335373866303965373064646132623936626135363039373736316364666530
65636438313762396166383263643032636330336230656538316437643162373538366335626264
65303261663666656633663634616161366133643135336631326164646536363439363063623739
61306663343538663436343765376230643565326437316637313534323136656365316636623037
63663137346363353665636263613061643336303764623535383238356162393961626164616262
64313138303839303565356639393364373336343937353461316661383338623065323136313035
36313431653936316565393339386536646439343133333537666135353365613065633036303132
34633237613635353334363730333635636137306263303930636231393433386563306131663339
32363137326631653138393361373835323837366639623735306239366634626630633564623365
34343432303161643165643565636438653030646433643735653061396236383165376563613438
35353666383364663836366366663965656139383030633765643831613237666661643238646334
38353330626239326439363064633236383632313366613336656437313461623231363766396234
37636564386536623236376539383066303039356236396636363239636363663836393365316366
66656662363433383362656636306636383537616262313336636533343039396166393037366161
62623632626432366130363561633239346638623632353236623665336534333030326432393638
61383862376461626531663732616630666430336361623131656332366361623462623763323963
37356536386633346338636138323566643733666134316265346437363832363661623137393465
65356439373436366133643234323638316236343464396535306637353335343036323332376464
63343733383739633865653232383530316537633164626132306666333931346665663532613463
38323538323436623530313235323965336631653530306636343764636431626261613261393535
61383431343930623630666636376463326634303861373631643831313165373637383461363264
38386164613862323833643364333332366431396230353937313662316434303531346338373864
37333264613363363339303364323562386335626263613261333039643361346533323731343832
66663965383632663430626538396263303238343261613663383434656535363964663265623239
35343362623761396135383862626563383361376134306666386135656232623132656339393930
63613132633930396366613863383434613237346330643038646662393332393936656235333662
33346462306435343937396664623436616230316264623965363161373535643133393830346361
33383634376466363164386331626631643763383432303438633632653131333433343231363430
37613761303764313236633234343866393933653662396530626466386634653765316330623365
36353931663734643530376666353637373335333130663164613838643462636438303438376163
31646230306338306339646265376365646530646434303764373830326135663338616533623761
64363936386130323932616466323639386161376330313162306565376334353932656261313031
33646538616137336136643165376630643161366164636230343737663134313536353361636535
35346264623734396337633163643537373861313838636562633638313162623565656562383363
34373237326661623136616664626562636562653061366431333737356536663465663163366231
33636266346334646564383837366634336432623330663464343636633765366131386435623962
32653436306565356662663832623032656462643435363532616337623661346532323435653066
37646431303265633061626334646333316230306430663431346565363961373532313731653131
36323130636333653966663236653338323162383263353364316165383030346337643763386261
39643932383739306238343331623134656665663866353432643663356138373762373131386632
61613964326161666336373036346130363131326564376236383838386435663562663734633533
63613233653036316133656431643231383635636132303033313637346563663239373737326264
33363035366566316638623130316465326263663631616335303836623631333337333931386161
63373632633331636131356533363363363364643135343330393265326439626435616536326331
65633037616633643030303734356265373933653635653762666639363731306535656261616435
35386638636138373964396565383036636131613032636263326339396631613632383663653632
34356533346437326136376164386366633561313730336530383638356430616564316232616535
31376365356137613864623535323339353864333363643266333165633266376237353933643037
63643166373137613966323839343736386162643634363436323339383036316134646166653463
37376266613434386532316639626561393736643762623635326665376533393564666339613665
34333134633034663933353663346361313064613037613338386536646366663034303037663063
34666562363038386566313530346436363930376133343435333434366633626339323063333231
62306533626437323936613563363031323766326434656362653338623131653536633663616430
61393565306132616635353134333138633566363063393262303333323432636562353263633338
66346436636462323239653865303564626331613465313635626130313963346338356362376665
38373133633266653132376433353033343638306334363063306538386433346633313630626333
30316164643238623436346132376338333261616131623534656533636537313437306635653166
32623236643562636265633464353636393463666433373735653263613562373063316534376265
61356439653765346339636264303564343666666237376536316638313733356138656338633735
63356365303633613066666461386332326661356166643833613537326332653939613861663737
63313964333565653861656334623236316235326638313364393832306335633731613266343034
34323536316631393562633936306133366333613030643162353230346633613934643736383465
38633264313634656533303764313635396232643738333333613361303934613164643136396162
35323039303239393563653537346132366332356462663735656665333164636662653830663332
32626638396366613263356363336362323934366532356564383866333433393039613261646337
65303764373638306564666335653964303531306338333733313362363463323639643562636364
62623931623535373062643634643932356334363538316239613862383465633733613933643866
62353638323734633436386135633639656662616135666438666636613264303563333964373235
63656633336364323236366237386562633039393630313666303234636565373262346565626333
31333430656264393865383835313831616263336462336637306530343862633264363431316565
65316366356533366635346562363531623037373461303131323339653562643039646237333934
37613261333665353161666134326261636130646435343266326635663634663031333664316363
39653963383765613434386237333139343236316266346430633161373266353663393465313634
35346531326166653138303930633039326235343063333266396534313733343633326537643134
38363231353137633538656531373766666265366532363465373437646635323465333066646132
38313364366138646162623032623662303164653664356463306665656364386339313265373536
33616466353737336533356262376637653766353665393436336338323739616434366565653933
38356666343663633935326365373262303739623432336130393536373862336535613562656136
37373431393134626238646439623538363834323331653563343930353430366330306365626164
63613663623536303361363464373735313963343461393038656166343263646561313338356136
62393132323738313839346461353637623535303339313465646135663230303938316364646430
33383261383236333563376234363135333230313131323237313534333735633736346233376166
33363362353031633635323466663065623733656363353563616265303832303936353462323166
34393239326631616639613137333130623661383831383737333265623533623230633162383363
31376164626564383431306362636534623265613631363465666561616662383030616437363932
62653336323737666664343038316461306466343665333532313336333333313562346136396632
31396131636339323334613434653366313264383035303861303839363431326434666431636665
64366366653230646661306161323433656663343430643337646430366439303762356563303663
64346366616337373632366462363337396234653066356438383463313962646231383936663534
37353030363764636539623531623433356237643734316165373535626330363230663261653539
39313565626333343263623265303962353464646330653533326539396663613062393535633035
65316537376536336630353630396261653461626136623932376561363663356239643635393832
37343537313864326266353736316334316263643765323532376432326365386366353266383233
65316666393166656130353735663362393239636632373034383932373064643534343337616661
35303563623931383133336439363238303730656461376338306131366564393638643066373430
35333336326333316638643935643666646366336536373935636135636262386330386537636436
34653635613563656131323865303833393436643539666336653362306331663335323437633062
39303136653262386566383836333666623739336330633436323734626133633833643564383334
38376331333533396161313535353339383239396365343561373233633331386334666466666662
61313839323434353161353235383663656330653433656332626434616534646138353463313630
63313636356135633539613238616431393432363339393064633234356363646537326432353137
64303131656365306534316430393063373732376137376264653265616261623635303732376434
33653165346461303864633637663332613336633637313463353863636136633064633363313830
63636164313165306166653238323165623739666135636534656130653939653462616166663439
39396565353065643062336164323239616338333730316431343536633339636239653230346636
37363532333530313666663633363933636233303032353364336131303132346633363130626332
64666530306534396137363637626635393135666633326236333036393735353838346638356535
37363632316165396334306334323834396333353931613738613364363365666138313835646136
62623939303761363661316539366265323332323539393938366536343730316639643339363664
34393562366633636331313739303236353166353739386236656538366233643937393037393063
62396632666133383963623435306662646439346536316237333966643061316163666661383034
37666265336130326463396232393064386461616532306261393634373530346564396237343733
30336466643736316162626439373036616461393235636235383933633436636435646465646438
66623836616238353133333435666438383232663361656265616536396531373761386638316233
35373839303231653361653838633032316665353564363639666663336637313931333235313331
64623233346665316236313165303063343136633438366336393330343261636532626361383634
36336261316139643831653332643636376237626332336566363030373662383961633265356535
64333134333065343162653638393533303931366635383366306135306266363933363336323439
34376166666466333233383363616133613835626238393738353966313766303733666535613539
38623132323035323933386563366334393533303065393766663833393638343735633139366365
33626333313865613562663938366438326463363337633937666236336135393437646139316562
61396336323762643433656235623333343636386635626233343263636163306636333862626264
36313538393666383864363037343934613033356561303439336162383331316337313164663436
36323236326638306563653966643030633034313639366537643131313830383166393261626335
36376338643139353435373933656365636261613631633233386230616365336164333264373634
35393738386537666532363864623863616337376136633332313566313236316239396335663062
31393631353137353838353533363366623365303634643336626465646338666136356235373832
66346432663161353763393266326239353730633935636433353764613636666532373562396163
32336533343464643965393164656134356162343563636636373734643037613564313162616637
39333832366462336333633632653332333865373438663233333333636234396534663932323833
31636431376437326639343036643130383665396236363535346463643065633961663066336337
31653963666462643833383066643565346563643865653830346633373565326431623639336330
65326537623662373337333837616364333266643936393831656134636637343437313332623262
65393137316234383939663366303133353638626437653162623639303135663736313866623963
62333931643638386562613866363139303063633038636336663434373563363665653761353434
61653266663663346364666361656337616134623065363735643734376536323636623435303639
37373564366537353462356539626365653061663631653861333033626163616531343831313262
37643961303932626465383061633130396538303635323264666266373263643162346566643264
31623732343666353931666563626639336233363830363439336330336466386262646662643563
37663932656162346337353665653431653931666433326563623037363762363930356363666139
63353637646434343462613136643336376338303231666638663166373663613665376232623862
33316664343335623262343530396538363831626535343934396535653436636336383365343435
38303739303031336435346164653561623662366466393136653533353561343464396535633064
32323265336337646563313164613933666539326539353433366235316163376433323464666665
32633432333932393930356133653530393766316262623365393637323835386161336630653631
66383830623061353133626631323961316135623265623435663962306362613734616534366239
32663236333334373632626235313738623239323733343466366365336561333638316237363263
34636165343766613337376635333361333534636161353962376363313730353865323034643663
31376334346664613437626438643231396637323932303038396165366634613064633035383332
39363039613933316564373266613065393235303561386431643361633937633836353932643461
34386435336566633738316161653132363063336537616562653665366661313333363939313633
33303230636436316263333564616137623131393139306233336338613039656332653739363035
38616666396535663661613831343138623064386263303863376534656239656364363735656461
37653164616463646436656431623334656665373438626236626537343433636261326263633262
62653634623263316537386131633536613463366537616363333039333236353933633635346633
38623635303662383934333434666631356165373637633732353862376533373766326532373763
34626461333133353833386433346534303337356438623330623634353732623036313865373030
34363537373665336636653339306536656130333636656166656231373564383663623163663662
30313039343032633336353863646536616435636330333230393965653465626337303335656231
38366539366337313133343538303733326535363530316464323035383139356637633735376532
38616530336161396334316564613366303032663361626266316663336361323765363663333463
34613361613631643238653339613739383534373561636362623362613261393434363565336330
37356161623736656566323933653838613532633963363030616637366632613563373562346236
32303463633232366664636335616637346461346638323033376135666139646335646639616238
38343861383336656338383562636634313938316633336139326237666230666338623231613737
30613361653862313363636563333934323835303866346264303036363665643033626662316162
35363535366132643061316439633464373837393038313562636135373361303935633464363263
39313333356365393961343134646137396634303863373337326139613864303061663632326663
39303537613739353236346662323464313461653835326136393564663064303633323336616334
30333532623736333264383835396437646437626430653335643137666235306363373962323138
39376134333737333836303637343139313363626433643335633435616536353335366239626463
36666535633064613862646334623339366133373165616233306435653034366666666432663731
34396137313931373065316361303030616131613562383861333264363965613561343736663531
31383530373635663532353537643037343837323533623537653033393538306363306130396362
66666338363033656637613166656139313931303463306435363939656430616533613030663865
35646163383333376139313061383861333939333765336232653138353566326663613232616539
63656338373364356137616432633664323264613862316430656637663735353830646237356565
35313430373238376139653666376133313639313363636331343135336334316464333236343761
62666334333433323331653538333262643536383837383361373734383332616465346362303532
39376535626166313765623637313738626638656466393938313732336365373138323361383139
61636166616534376638613939613637613666323262613862353466333537303830373564303831
33396562353062303662386635373732623439653462353436613333646635396466613562326431
33636231373266656633656361373439333032363661663263393435373365333838383030396531
34656331356530303637643165623766616538616433626636326635373332636564363039383031
35393930323630343438633535323931613765333030376338373062646236343434393665623035
34613034643061333566393162373636373937303437636331333266653836326566303263623663
61613861643738653034316130353562626666356364386236316664306332643339383832376238
34326366383530333934326363313863653333306439646334366634326265313766363937333734
30306631313064633635633139633766363764636561313535613134313837306238613037636361
63303364393638393164623632663466393532643738393865643534636133323832376538396134
30366338363435663234346264663038653933646364633433653437313239633132313536616236
64656431663831353664303339333931313531303536323331383637373731646633346635643031
65373633653036376534393839343138656262353062353835623461666466633264343464323033
38306436343739393439313133333732643237326461616438303432366334303639363433376639
63623435616439323539653162663461653063383261393739383964653033323933656331646537
65623031386632333031313432623033643033613361356234393138633765383665613766376261
39363561346138376330613464363632646232346234333263323535396662636130316266383534
33303939303739616630366638653630616366666439616166636534643336303563656165333439
38333033386364663837323231356462316137313736626662363736356330613438316361633463
39396431306435306133313462656137633962306237616637323233396133616636383339323532
35323436633161613966633232353264346532613866303233343733386161663334313966353062
62643137613630356338656165643364383438326632393437323564666539613931643339623332
33323139366635363137363166316135633034333066636439633366313266366135316461363835
63383133613430346338303563666463373232626264393935653161663933393566316262356339
64356636643734363430333932313263313833363037336264653161386533643464313661383830
33356462663665363134366166313238643833383335346532343135386266336461323135663835
38656336303964633264646433393064343038346435303465643166313334613363313436303965
33323539346366393866373963643962376338386361643131323063313062303436623433336130
61666665313635666366303130343364643565306232616561343665663732353763393239366637
31663838386438666235383336613831616135346538363563363466613535383636643963666539
61353130326364316236386339613564656464303765663737663932613032623662353632656439
33623264383762653235373333303732623138313833663931393866386339343961633230626630
35353830666539393761643239303036626634616265653130643339373330323561666266323231
31323864353666373035333861386438653931663262366430313832373832303234613864383061
36373139633063616135623734623861643465623035363038323437386466633130643337643866
38333137383666316363633636316135633366643139303963653934323637316132323638623166
62663433333363356262393636613437623262643334326265613237303033366563303266616234
38633065623238346131393563306437313232303133303562346362633031616361366564343965
34326366353730323762346230326532303136313033393535633437336538626332623863346164
35636332316566356261623033383432386336313166363237306534663535346233333334383663
35343362316364353137363931366236363531353564303932316361613665343335646438313334
31636130366164643536386461356139656665653639356163316161643139326265353635333234
38343962333965326430396639366339643464363132643139623563383235653333316233643435
31636664363763343736356333353263326665383331613461656463386233343738303535303366
39623436626138303065393833306331643239343535356361396463323965356335376561613432
35663134666331366530326332643633316638336234666264623565326231326438623337346130
38643533366538393635383433663735383839356431303633663661646466383935386636633666
37383830656330623062616562643637613039303335346365363039616538623430646161333833
62383564346533346532313638356565316536643333326638646535306362633939323630393031
34386166303463643562633264323464666438333863383038393735306535326331356663343162
32333738316665356666656264383635393133353434393539326666393363383136323235346535
38643665623762613034346234363939366530623539313636326230636338326437343738386466
65373761646364616535386430613330626463363031346335626539303237333232303437666239
38303765376265646638363231663865626536613737366538333538396665306137323036613132
39316634636336376461373136626264393139353962373633653661306430303836386363363438
37663839616365336136653061633535356661393630613237613661616130393339643133373666
31646134383765366263663961396336383334653133306438626665343165313837333334613537
39303762633265613764316461343033373035353936316364666161303336666431393130323466
31653863373338353463633936623063393336373566643331333136353161353136363439363131
66393939303930396263313835623738626437313265313938303938323437653332363133316666
37393433396563623764613239393030646161306465386334303331343030353734333430383137
34623230613633653937616336666330323066623665323537386636396662393161633834323638
36346130613664666437653164663566373964383937336436326534393433633437346665613365
37336661373761323362326364306161333639656639366330323061316532343365336638326435
39613837383366313131633231343639396333363731613236306430346363366565623430323839
63643561653363373133656230373532333831343266346665663963346637343434386632386636
63643762313365663865383032373661326131373163393239316266373433346466323363396335
37393433643339303537353030346430613030393564613636326135353234313365633166356536
37376234373763303265373063636435636466343064616534656132313532623162623436363739
64366333636463303839396461653565626266653038346238633237336634653934333231353962
66643564386237336130333532613733666630653630643338373062666238313435333464663065
34346165313836386562363831373039353438653465343564333564323731316162616165646332
62633235663231383334656439363331616539383439656330316463613964303533383533343231
36636138303734323036653135383331346561333962326239383562336431366663343332616434
32336231303833653130663032346232326531306132353833383362346330383334616333656162
63663264656631306533373136376432323434663432626234303331323932666365656464666131
36316534316533653262346334633035633935306565326433623132666265343331623935653833
32313136303963316665303665363836353334383032623962383265303131333537353039316465
35613866303939616137333664623236323539356661636231323062306435376530636530623033
61313530326666653863616338626136616237386462326638613933373961353262383666373138
33623266636365393031643532363464373361373462336133343237303163313430633432373766
64656163383735373765323865346631386663613966643863613665336431353537333861313461
36653230633834343333343132336232316462363966356366653536336666643633633330643039
31623666323033313662343638336234373337346234376238386134626462643139373434346435
64663337383662316436323863333865313561346265386533363230646164663237316163613433
62653333373931626662303835346532346561666166616131376139316461613734633965336432
36613234323563323738663831323239616161663435643837656566353230303266646330343830
36656131323439303030616666396165663838393135636130363335333131353162343165616236
38383665636565663565306661386435323135663235323130663733323966393936623837386336
39656438396231373865366462333266643162373263656339363335373261386438643837393266
31323564303838666536393136623033643631386333316435636336303464303136613334326163
36623136616431373663363436633438333262356637643061393632343038343562343934643965
64323664656263366566656366373665633938376233653839616262626461643938393764333131
38363538326462333939373062656563613331383864333032633931343535636131353037633963
61356139333466323364626533303233386461316135336331323630343861643530643761663361
66343062353362643366386230323866323232643034653231666239653931666437626138653031
66613839363163616337643737323432333339396432353833666631316138313230373330373734
30643466303132623837323038333334306530626438653866363963306562616462383333626430
34343266346339636661393638623735346135613763353838383939366238633666346335653931
39613465386339323566656635373030303430616162386434303739333865343533643366663765
36343037356536393163353030616165313831313233336262333334623837306236386561303139
32393365303832326166363831303934333163313961643165396237646532323232643434633836
65336339323438356530373163666433636633373062326236346665613262396566323933363162
64383363303461653366396333643131616632656663316163636231653038353835613333336465
35666562623432306533613338346136373865353436633566373739336232336235333938656165
34336665356138363930373833303662333738663838343262363432393265633436303333306339
31366464393236363433376161313437323561303263356662666332353133343033313136356432
61376564613363643734346662393662383634376438643330346263623435333435376534663839
66633965656265663063313431626530613838623239633333326635303734383062373932623965
66663862343362376564383863653866643764663363633631373661356361356234666331633966
62643866646635633334323565656436343766663365616361363730666131316161613536316137
65643039346434323135396139343731363230643339363332303136646431623432323262663036
66653138393532383365646232636637653430373431396634333261623337643932353836623438
36636163373731336263306636383134663438663731313331303037353232316633653431353339
39386131643662326466316461316464363230393037613233663230666532653632623964373763
65363532303135396339616334643966616330656437383262613132393539373337646162623265
30363061366430636565613562366461333033313031653838303164613930393862363433343934
33613865386439653162663263613262663830303432373036356132356234613435323732313133
62636132333535646432373266326561623566626533373138633832353730333432353566373131
31663533626238366261613533356436656530373036386139366633353639663566313938343965
65646134313633666238376361393032346332386435613931656534616365303366663536376265
30393037343539646161303430343662656264393264303231623965306135303531343664613962
30313236643730653938343331613064653438396335613535383063396433323738383539393039
65326364643266343866633065646538623837386331316462303537626530643431346531306564
65373839366137393061396536386138383261626231633665666630393232653264616339346566
65326466396166326361636163653635346435326632653830373265373433373735346162356566
62303866313034613536336535616136363766393861303132323534666161343565333466653031
39623033633234323861303366626535343434663231356333636365646566373235656531353236
61616565346332363466623937313466666234613337663337313166623363666262333565633234
64376334353439663039353135356136336631663234373332656239396161356563373033613336
30336230613832343531346531356566326463633037373362656435396636323466303761623466
66323738313234366261383738366565346361326363313039666134633935313633303635643732
66383063626436666363643036353234336137643634363566643936326633373264633237363762
62656334373563643761343165383539653464336338663766326432633232636466373439643762
66643834306538666433636266363136323030336664613964633131623237313237316364653436
38616336656138393663356338303839356636366431613136363235643831316565626238653865
61326132393831643232313235306465353462386663353735663637313765346462383038383862
38343038383261383639396661616633636366333162646134396334313836396664636363626339
63373863366262623062356637326633653230666437363061313531643839353861613030313666
65633364633661613966643261303736363663353765646637363032616538666662613465656131
35613333663165383163613437663764323664616364303563306531326438313635393562656165
32636331626564343437353864636438616331633930656637386665393739626435363930393339
33393937363233316164663265376331666430373230393534363238303237393166383437643063
62643233623838313064383230633734656637613131323962636363393163333635613035383066
61316635383832656532306435343439313431316635643235306664316532646634396661613636
30643836366364336230376231663066656461336537366361353230663333333732653665323637
39313037623936663937666233383166396334353862396561376664373961666237303766623334
36666366653562343761623733613733336534313735346431613032303838323738303863323030
31316533386131356431393139333137326535353636353031626366323831393339383764366136
35353862623066356261346130613763333537653738333462373735303339653462656635636563
66333463316564336566663536356132316533393966323834333436363665303734376537643431
35313536303533353966663330623965363163303565663139373639326435663534633036663164
63333731363238396231666638633062303865306537666637393466623566646666343234646534
65353964353962346334616637656138646338303536636437306166373461383630306564326165
37333538633632613366373934336265643163646665303864316363623264313331346562333930
61323464623434396563306438363237643861626561363032396539393963383534313735356631
66323066613837373365626133306362653663633035643831663265333139383866663532333663
38363762613966333938316362653163383964316331643936636630626361643962636565643762
30646430316435306662393537636432326131663434383832316131333539633465643036373336
35396339396337383461393235363163666435343137633866313733613233636462613134643765
63633838346561653835323732353832313163353134303763393039376137643061303166343065
30363232653164663132393839353136333261623338643836366335316164353761363361666235
35643535373336333765623131383732323464333035376332393963396663323135666163376138
32376639646136383636306662336239623832616135346130616661333037373636666530313862
38313638623932613830306665306435323531633565363638336362626131316338633237656435
34396534373039363366653463323761393963376439616637306136613065333966383637363764
64636431306637643333323962663065373163383032626535623530623361356535343236613962
61336337633039626533333937313634396161363231396432653962366362313734326163616662
32616561383638343363333164316234653830353434386332396535386234363461313735333135
39656261346136376132643431376164303533616166383333613735383461636233653466363862
61393461306535393937393135303439613762303438633430646166643238306638343635613137
61373162343337633264643738386235323032633039333032643831356132663736306263366134
37643164643061666436663261643133353165653733633764303934616637636138636264396236
30383764633065363831343134353766653662636364343738663363366538643034303935623134
65383436383661663161316133313333396131343963386631366231616161343664353964386439
37336532363039383162383139613033396566363936376136386136396430663130303732383734
62616533396666353731333030363934643365313534306438333961313562626265613139373134
35653466653438656364653164346464393633633637626665666234663332373766656266366161
36373361306233636135306235633862383338393138633539663235346431306537363961303736
37306538623763303439383666616164613730643330383635633339306438313031303039326431
37656133313362393633366433663037336263653964666133383863343963353934396232373730
34306134363133396633336666626531313862373034323162343136663234333761383539616537
30333264373433363063623236626639393965613433333035666637323735326365383135653430
33626631306466393332643037353339663261396130343130306337653063613730386536353364
62353336373734643538346235643538353034343664636462393834633136663836376232333930
39333361353966346435623933376233326237613066366539646337363136303837383134306432
66306439333232333563623363663665353532663763373638373833636165343030353966663965
35393634393530383039303132383733656537383365393063316338613433316438366166366535
63343532373233316363376137383263633232646631326535623838666364633834363638383232
34656235376666663037636232343266353530373663626561633562643436343964336634613334
65613137633035613537343961333238396139373639643464343531353263316262303064623662
31356361656432653431386633343961386435653330366138633861623536363230356236623335
38343337653333393061376139623339363436373163313731366433623330306634306435653632
37333364353533363738376261313435356562613366303464366339363238383038386364343361
37666433336637316665663238636164303739633630633530363864653831363333623265306566
63353331393737626232666463646463663664336230323036626664343938386632613435636632
39306535366139613434613039613738313932323839343665626534616237393962353338633662
30396263643262633762336535373232326631623938656465313330363764363766346136333037
64656434356361633736653435653831303833373135656335356132326539376439663232306463
33303231383631363734393035313035346539303165663964326331663961343433316465643366
66373266666436336231623530633331623835396565343165373732666464343833633638343831
32643534613639346634666438383761376263346363636532623263666366393535666663363430
61303961393333636239313461376534626661633665616535363132333636666361393830376335
63383164616237643162636666376362666338333264353130346263303932346466623832656364
38383961656363323962383962363032346233646436633861343063386463636336343464633130
66383861353338333761303132643630643339396536656336653137633236666166646264346464
37303161313831363138663837363430343563633364663437343334393737653766666334666131
62303061353032666161363933646663356165633066373131623065356663346534393761383461
31666237366234656662396236393730636130626139333233396566336632326231323939333663
31316261393039373436643463393032616239343430636362376133636661356235343038386637
32393035306263623861623861313038363030326437376432656664336264356363666135323234
65353635353738363231323331313339306539626632343333636262666663366262366137623534
64386639383634386330616435613438663862626332313134306135346536646465323132393830
64383766373935636665326233363931353733366133373838353162323866346266346161353138
65666563643363643461333838306331336230346335376365383834393465656266303132306534
65666664353034373632366461393634386162653738336335626534396235613531323766353565
30616336393965613862333131313733363566316462396339626361373038383666643537646632
34636365636233643666626363366535313365653733613962616539666536363231346233643336
39386662616333313261613465363733336266623936386435323331653237333963393236303762
66396264363231336466306363353562303839303064396334393462306533636362383464356531
35623537396566643034343233333135373563326262653462316461386637333830336432666461
39353231633732636661333433333261303336663364356662373262323563636564663535643565
33356665323664383636663334653064353162343733313366376132653464656135303430373966
39666561663131643333313336613964663234386537333132383761303332613135353864633735
35333935383930353361666133366264623731653862653138353432383165323133613435313539
32336639306265653664393732373963323838346330636462336138623664623964366432613764
62626138356532653766383963316563633434643834353661336138616335616265363666653366
39333630666135393139386333633030373436383932323035313137666661643465356630343563
39336537363934643836393266623132636364323037643333323139663534646164653032653332
36656362636137313966366466636263393031363935383661666434383165363437346265616262
34346236306433346234306263373831633037383132393133653462623865336433306262633336
31346339626438313439353865336232373930623638313166623062613730313166623864313838
66666138633863356438303234316333663035646338353333393364306435616532353065323130
37636566613135343036353565656230636433336565373562313731656436396363333966323165
65366362386532393035663030663735663934656434653530623639613732656633353537363866
63306466666163383930646533306239623934366563653736613435613764393235383961313536
35316463336162636165343463643462303639663862373231316430336439373135373164313933
62623732363235666136323632343061376138633562303332393963333831623230636164386364
35303163343361383238626666356161336130313636656161373939616264656166306262616461
64343039366639313831656435623866396239333062376465326231393034343763336234303233
31306536613139323362393562373064613635306566376236336362636538376265356137356437
66646237663337303830656532646630346335353463313165363165396333333964643565636232
64643439313131656239653237616361663264343561653936353739653039666164393662316535
31363435613532616339383530353332663937306166643133646330663632323063393434313433
33353739386164373238306631343263656163663266636436633933333237316139346434363439
61613830333863373634323534346632663831326138336466363133303730396362663138356335
37336434396364313833333162303263343437326663656564613361326364383035633433613338
66653763336237386533393531623261383863343236386662613965373134356661323238666130
36623866383138336463653836373738633565383630653664613937363732643036336435663266
66366466653739356235623538326166643739656631343031623566396339643734636536633134
62323563303539396430303764323766613834386637336235396431363331386666303462346661
34613839613137366535363861303065303536363861313165626466366238623761376663323331
37646266393565663330376136613861323335396130343165393336653832376662313130303832
66343766386437346634323235333330303766353332663531633030653731373864353238393063
61383732653032663532356233326134383364353065396563633839393937396162373337666262
61333134353130306535386134633363326536626134346238373865303438616363646562393662
62393339303533366565633439653335356536303366323730396132383733323965303331393735
63343232333734373466303831343465383532636239353739623663323535623635663238663665
32306561323435656533666433303965346165383565393061356231636134376638396162343963
62616434363338323962383862306535323737656231643562326435316232303233396161393763
63316162326563646461656432336661656635663538363735356364623062323637376364353865
64313730643432376633626266643635393261303136336265326265663730316263323237313332
30623936323037666636373934663466396462333436333863333531613865613265643938663438
33656235353864636230643739383538666231656232373637373134393265656437323231313835
32636438323939643138653166343332646164326362336430623035333962303561303962386231
30383431373337396237626230303938666335363435326630643064346363323263373038366235
35353333336432623637323033393336616662343237306639666133303030343465633336316438
65313837363332336534303732356230376339646263323838323663393030366335343264356337
66383362383030643739666337323330383039636261356539616533326562373836356161643662
37343038633439373261656138633130393638303036363931383365626139356231633039626436
61663230323338623131383965306564353361353261653730366566383731306331396438653939
66346138333766623465636236323962333934653363386337653130643935386461393965633661
39383038356564393761633239626231656539653262383231323435326663656263396166373535
36626233396462613966633039323064663566663838316161663537656231333633643731663862
35646630333833323934386631363030313639316266613763363638383232303232656230653964
63366236383539636536323362366166623931333631373830373166616133383061343334303938
66353835653833316563613364636537393964343965313665336265386530653736643332633732
36336439393633346432366363323336343631613234376234306438333733666161326662616634
34333530613664306463313062623733663136346137336631623232356364646535613464623439
37343731643837626233386161386333393062633366313037346536363133353064636664653332
64613266386265653231653739336561613764626164306261626433346239613130353237343161
39343165303337303433633133313230303063393736316135383633383739643734633731636130
63663766376166623961623035393638343637653032633665343862613830383166363630323364
32326661303864613564646262623165336266333566616433346638316364333638386464633538
37333065306435343764633433326635396130646264666339356230386463333939623231623332
30663565366235333334666530353237383835653765643062616364333965306530626638396364
37666664636166663239626336336332633863356462336133336235346636656663323632626166
36303832666566626331393630323265623566363136303066646438363732653461633163616230
34306339376235356234623737653565326363346162366432316135323964666534656436386339
31336430653261626563396337346666313834323766303934356337356164303833376137306362
36383638336164633630313261666164363734376134383435393065663738613139656530386238
32376236333033383866633436353832343462373231353231663164356236313539313264336362
32663338663966306163623138323662346233303638323039666334353838656437623835316330
65386462396366643866626537663631666337373031353762663064363263316361313738386462
37663931396338386631666634346235326132656637663531643466313039653032616533373038
31663463666539626432353164656136366130623230366632333639663732626362326336396133
38613438656662646366613834623737313631393539613839326236303866383566306264343536
37353866633035356633373166663432386232663365623138343062653239376231353962663861
63376165336533633639373363366566376234396666653531633462626336393636363837646162
37376436353135653665376539643765626630333766373937633032666232383961303065313837
62366135393563333531313638646531383061353539633064303537326235663165663935623733
37383463353339626265363036666439666564643036626561376631383666383663353839303735
37326164653264343037636264356134656437316465373862323965613734323765363363303335
65633536343232646638643466383863353133396666333733636339343633643964346337353733
37613336326533376135333330393833313163303037316638386664356362633930393131333536
39373437333834326631376432613737623063613161373064346130356565376430353532663061
61366433666361623566363337343637623564653636393730343530343437393234323633383464
33663834393436306235313931616263643634323966303933333331396136663539393634383133
63346534383333363534626561353565393634383737336366343863313335633066323438343363
63316531383639643039626435656435323737363037356430623061613130616437363464363166
31313536633834353765383137303463646236653130393334373665383239386662353861343033
37373232636135636462633561363864616364623931396534343539316530646164313665626232
37633833616164373364656636393338393533373732643665373062346234393533313461626335
64373133373935386436303764386633666533373530353538373361313435636566663936653766
39633064643530653661353934653237636439633362316337326134316636326466656362383439
35616566633236626530663432656266323764613137326436306535316534336530356237343337
63666363323736323031613431303032343834613163636239656232626464613436346438636439
36366362656163636138353462626639663931386262303431616338643935383234306230396333
64636263323437313436616631306363613539303230623933623663356364396363326234303937
39383532396435396665303762646436616139386335366238376462633936373731376133636661
62386363343732303532333266313731623530653665316331323332363937343530376230353964
37663432363633306563613539376464303230343337386434333538313235303931623538333538
31316237313636366562306562396333366435663738313339646538363934333433313361653231
39616337373561373534643335336465663436633961643034633065396539366161643762666336
35626563633732616665333639376436653562303035643566393361343534643135666535663532
36633662313562336434633964363437376632303632313262306538366438646266306630666436
30366138616232333464303832343463363633303066356536363439636262336539633830366433
31316161366331646466303666393461323864396233353431313136363939323364353461366335
33363830656131376462626234666363363763353165633037306130653464636439303930633835
66373930386538613765313366376437396466306233373230316334626161663766626662643137
36343666626266353335313330633932663662303661353033663834643133353764323633666463
66653034356335323565656138613062663733656131386339626464653434666330306231393066
63303661366438623039363031623564343136633930353333363237356163633862333932306239
62393261373562636435613731623164343937643864313831653633633830386636343765393233
30303462373662386634656531393639653162666436653133616365636234653863383737356234
66613833363634313961623336616165653763643265353736303066306332386461313633343836
63313363613763313132333234316261613761666537356531323134353330643239623135383030
37373537373530383664633066383432656333396439353434333935396630646162613862353935
63306262643665633136373566373364656332306461326633633939633264333963373933643666
31613130306431373532653831336564646235626636316663613934616661636137636261323230
63613563326432663333623334623366376432373338366134306533393831343539636663346265
66616139633230663630346339616361646637363034623232613239366438363239366431376135
37333663396662393961643738636131643736326131313234303162643537376231366566336630
65383862396536323835633961373165303465323962633137393861623662313538353464653839
38386234313633393439346661633337376435616261306337366332653131323433643330616132
38303863343065633661316465623865313638666535386462383938336564623333386537396530
31323333343235363438313634393032613861633662663761303635303232333537353430333531
39666661653531626639343863343232363334326635303134393136363565336634663638616466
37303163383130626662353830656333643935653634633663656434373433633264326131653233
37626635383064316533636462316133646530333962303766333737626132316335303037336665
35323862643533646666623461386133313439346134303432333933633339646134393264646132
34643366316261326365353463376662323361666636663065303663343130316238323161636165
35306333653737393364356439636165313362316632376264643437386436356234303831303631
35353661663731373433396133343062616333646436333637353338353836346135666166623338
37326333343532383866313636653433646263663464316536373336653161333730373232373334
63666665343036363732373661313732336531396634663333343739373864376261323462323731
36653634373537326433366266643864623836383362373566303732353330613965363631346564
65663137366461393866316130363437336164303637346635366338323832306237363839323266
64303138666135623739626630383132363766353663656430323332313834633136633863323863
63343537336466373538646562303966653231306436333561613939663761373464376661343865
34393535343735633236356265616530353038643165356633336539333338316435353137393639
31386235343063376537653734396564643865363066303534636538396564306438396137306332
38653763383239356663633261386463313633356665666461306266613335393165353165336665
33353230353265663331323565316462336531376664643766306637316566386432356338383330
34363761316165323634386434623337623464663137393430643434396633656432383139613164
33313864323238636238663364313464363239646531356166373639656631383439336633353232
62313065626432613434666533633839323431616438336135393334666239326266356434316432
61316534643961356266353336323763613035333166356332333430356339633662396133613066
30386130633934336235363163393937373536633839396563366530343034346363316433333261
39663231353132326164313965386361623134656164396163303638376262316561346632383935
35613239306530373562623437653033336638343739353939353531343164343336333530613030
39353035663961356334323234366134393062386236373033633733323063616161396164633932
64616364323038343964393032343363373138663835646535326634623065396134636531623861
30643238343733623533323965393161643138353266303434623734643231303931353937666434
65396430616361353439396163346633616235396335373561336535356533643137633133393364
34626566393866616132346536313661316631303139663935383532353135383535643564633537
65653866626563373132356236626462323261346464623231643438623561613433343438313533
32343635376464336262363464346533346233353162663036643331316636383065396361653438
65386336376563333631373630613232353836346361323165323331643266636163613633646561
32343138376166626634663332393462376435306535346537393163343665626639313862633631
62336433366666323765613763393763343231373939643463616639393661373736383765313235
65633166306232386132626539623739356334656166326163363237373935336335646132326436
35353031366332653037353539666639636565653466633430393237633734393166336236353965
66396661653433643331646163303430366364363764393063653636343636343832363034316238
38623063353766393861313431363563373061363934313665393731346466633763306436356330
65613735396462313830343931323038346361623131353762663362356134646437666161313562
66303366333130653466633636653436326336616334653064356337616363633533623634623065
64323364316362623538643730623762323935346637626331636561336364333330666334616666
3265
